clear;

X = [0.0425	0.0465	0.0505	0.0545	0.0585	0.0625	0.0665	0.0705	0.0745	0.0785	0.0825	0.0865	0.0905	0.0945	0.0985	0.1025	0.1065	0.1105	0.1145	0.1185	0.1225	0.1265	0.1305	0.1345	0.1385	0.1425	0.1465	0.15
];

Y = [0.447704483	0.094809717	-0.042357953	-0.1093183	-0.029504019	-0.08177512	-0.05374639	-0.067354229	-0.078529943	-0.066123709	-0.004042344	-0.010993686	-0.014989933	0.020250078	0.007373335	0.013539864	0.037840941	0.016710394	-0.000100478	0.043073939	0.024437232	0.011348263	0.015418915	0.009166262	0.002801528	0.009866109	-0.021299217	-0.044380264
];


scatter(X, Y, 20,'filled');
% axis([1 2 1 2]);
ylim([-0.35 0.35]);
xlabel('贷款年利率');
ylabel('客户流失率相对误差');
title('B评级客户流失率相对误差');