clear;

X = [0.0425	0.0465	0.0505	0.0545	0.0585	0.0625	0.0665	0.0705	0.0745	0.0785	0.0825	0.0865	0.0905	0.0945	0.0985	0.1025	0.1065	0.1105	0.1145	0.1185	0.1225	0.1265	0.1305	0.1345	0.1385	0.1425	0.1465	0.15
];

Y = [0.241022873	0.132760257	0.045307686	-0.107807025	-0.02105494	-0.061770852	-0.047328371	-0.100791547	-0.080190917	-0.037289585	0.004480784	-0.034160824	0.020210034	-0.013643313	0.008513513	-0.006049881	-0.000383586	0.042776403	0.018494763	0.009725945	0.021647558	0.026102498	0.011434163	0.008849048	0.003877692	0.018148552	-0.020697357	-0.04726721
];


scatter(X, Y, 20,'filled');
% axis([1 2 1 2]);
ylim([-0.35 0.35]);
xlabel('贷款年利率');
ylabel('客户流失率相对误差');
title('C评级客户流失率相对误差');