X = [1	2	3	4	5	6	7	8	9	10	11	12	13	14	15	16	17	18	19	20	21	22	23	24	25	26	27	28	29	30	31	32	33	34	35	37	38	39	40	41	42	43	44	46	47	48	49	50	51	53	54	55	56	57	58	59	60	61	62	63	64	65	66	67	68	69	70	71	72	73	74	75	76	77	78	79	80	81	83	84	85	86	88	89	90	91	92	93	94	95	96	97	98	104	105	106	110
];
Y=[96.09256621	62.92096242	87.26917098	85.40369545	49.4773881	45.47527427	85.8468782	48.37472738	82.29843514	62.46964367	40.04966899	94.20618175	52.48648768	25.7092855	93.46826675	57.03208207	77.68674466	93.06778901	42.44205961	31.88137146	61.45602364	92.55863128	93.45820869	35.79336892	48.71468183	48.85516538	96.80882815	25.28178114	48.47810187	88.35881261	72.65022186	82.41694495	93.22000663	98.61064552	66.48678977	91.6189466	40.41252055	96.02059094	37.05275933	63.82392609	84.26330175	99.67044485	71.21717471	80.33484345	62.47731646	76.92284993	54.63021415	58.10043624	41.00234442	95.87078924	43.17394839	50.68348758	37.14170246	74.25088491	44.57958933	83.86201486	75.86626122	86.91810459	54.41480306	24.41652558	87.38655562	83.57750051	40.90327845	85.66731091	96.19076752	42.76286987	56.53812568	93.17888594	82.09517174	36.87571381	66.83639565	68.50537571	29.27377556	44.40851517	78.7151542	39.48243457	30.06297082	41.61679352	47.58691255	79.25325903	84.08786715	94.97133833	91.02132601	91.31838535	51.70416706	19.2331108	51.46526851	43.38370108	72.77267053	92.84116712	51.1658314	46.26955569	94.12684682	91.17750621	48.4143125	49.973333	96.52759109
];

plot(X, Y);
% axis([1 2 1 2]);
 ylim([10 110]);
xlabel('企业代号');
ylabel('贷款金额/万元');
title('各企业贷款金额');