0.736
0.737
0.737
0.737
0.737
0.738
0.738
0.738
0.738
0.739
0.739
0.739
0.739
0.74
0.74
0.74
0.74
0.741
0.741
0.741
0.741
0.742
0.742
0.742
0.742
0.742
0.743
0.743
0.743
0.743
0.743
0.744
0.744
0.744
0.744
0.744
0.744
0.744
0.745
0.745
0.745
0.745
0.745
0.745
0.745
0.745
0.745
0.745
0.745
0.745
0.745
0.745
0.745
0.745
0.745
0.745
0.745
0.745
0.745
0.745
0.745
0.745
0.745
0.745
0.745
0.744
0.744
0.744
0.744
0.744
0.744
0.743
0.743
0.743
0.743
0.743
0.742
0.742
0.742
0.742
0.742
0.741
0.741
0.741
0.741
0.74
0.74
0.74
0.739
0.739
0.739
