0.751
0.752
0.753
0.753
0.754
0.755
0.756
0.757
0.758
0.759
0.76
0.761
0.762
0.763
0.764
0.765
0.765
0.766
0.767
0.768
0.769
0.77
0.771
0.772
0.772
0.773
0.774
0.775
0.775
0.776
0.777
0.778
0.778
0.779
0.779
0.78
0.781
0.781
0.782
0.782
0.783
0.783
0.784
0.784
0.784
0.785
0.785
0.785
0.785
0.786
0.786
0.786
0.786
0.786
0.786
0.786
0.786
0.786
0.786
0.786
0.786
0.786
0.786
0.785
0.785
0.785
0.784
0.784
0.784
0.783
0.783
0.782
0.782
0.781
0.78
0.78
0.779
0.778
0.777
0.777
0.776
0.775
0.774
0.773
0.772
0.771
0.77
0.769
0.768
0.767
0.766
