clear;

X = [0.0425	0.0465	0.0505	0.0545	0.0585	0.0625	0.0665	0.0705	0.0745	0.0785	0.0825	0.0865	0.0905	0.0945	0.0985	0.1025	0.1065	0.1105	0.1145	0.1185	0.1225	0.1265	0.1305	0.1345	0.1385	0.1425	0.1465	0.15
];

Y = [0.309554608	0.302980047	0.017579194	-0.076669863	-0.056297703	-0.092750467	-0.060296874	-0.065628885	-0.007390326	-0.044560631	-0.037774003	-0.045669423	-0.014690112	-0.006554997	0.017250496	0.023616607	-0.001116445	-0.000927442	0.03507357	0.026073175	0.046149231	0.011734214	0.005247229	0.012198912	0.00041122	0.014946501	-0.018942205	-0.044111182
];


scatter(X, Y, 20,'filled');
% axis([1 2 1 2]);
ylim([-0.35 0.35]);
xlabel('贷款年利率');
ylabel('客户流失率相对误差');
title('A评级客户流失率相对误差');