X = [1	2	3	4	5	6	7	8	9	10	11	12	13	14	15	16	17	18	19	20	21	22	23	24	25	26	27	28	29	30	31	32	33	34	35	37	38	39	40	41	42	43	44	46	47	48	49	50	51	53	54	55	56	57	58	59	60	61	62	63	64	65	66	67	68	69	70	71	72	73	74	75	76	77	78	79	80	81	83	84	85	86	88	89	90	91	92	93	94	95	96	97	98	104	105	106	110
];
Y=[0.04469888	0.107693406	0.096619827	0.144685372	0.06636303	0.116944557	0.069812132	0.05061235	0.078094652	0.083281223	0.099200728	0.140004869	0.091563938	0.069765165	0.06788777	0.064739764	0.108193238	0.075133482	0.126360685	0.052800813	0.083106487	0.128767168	0.080650381	0.094275505	0.049011169	0.138551071	0.083023976	0.071178613	0.136069627	0.121975718	0.127088231	0.051643079	0.096493128	0.096395806	0.116349402	0.119465089	0.119493027	0.140231878	0.059490346	0.127780826	0.096021022	0.041814038	0.064495806	0.093069603	0.068412479	0.055995192	0.094441436	0.067372248	0.055106626	0.055108386	0.093345062	0.079170723	0.137030095	0.042081024	0.107283791	0.104653562	0.127604769	0.086307113	0.042951928	0.105569879	0.12013018	0.139460741	0.090264797	0.093717376	0.07826072	0.115461523	0.06138162	0.097924008	0.059309414	0.122929398	0.072518809	0.148251397	0.047491648	0.075253214	0.103024773	0.053933738	0.108433576	0.128485428	0.140770949	0.04237487	0.050250473	0.060157075	0.0762983	0.067692723	0.068172086	0.103401843	0.09293262	0.064891824	0.082360703	0.061259464	0.079560398	0.082533283	0.110705129	0.08238775	0.044939352	0.071069688	0.086866292
];

plot(X, Y);
% axis([1 2 1 2]);
 ylim([0.03 0.16]);
xlabel('企业代号');
ylabel('贷款利率');
title('各企业贷款利率');