Data C.P. t(enter)  t(leave)   VehNo Type           Line  v[m/s] a[m/s瞉   Occ Pers tQueue VehLength[m]
       1     94.45     -1.00       12         100        0    6.7   2.65   0.15    1  26.8     4.61
       1     -1.00     95.06       12         100        0    8.3   2.47   0.06    1  26.8     4.61
       3    121.98     -1.00       25         100        0    9.2  -2.75   0.02    1   0.0     4.76
       3     -1.00    122.54       25         100        0    7.9  -0.85   0.14    1   0.0     4.76
       3    128.26     -1.00       28         100        0    9.5  -3.00   0.14    1   0.0     4.11
       3     -1.00    128.73       28         100        0    8.1  -3.00   0.13    1   0.0     4.11
       3    171.77     -1.00       36         100        0   15.2   0.00   0.03    1   0.0     4.61
       3     -1.00    172.07       36         100        0   15.2   0.00   0.07    1   0.0     4.61
       3    185.02     -1.00       39         100        0   11.6   0.01   0.18    1   0.0     4.61
       3     -1.00    185.42       39         100        0   11.8   1.23   0.02    1   0.0     4.61
       3    197.59     -1.00       43         100        0    9.3  -2.88   0.01    1   0.0     4.76
       3     -1.00    198.14       43         100        0    7.7  -2.88   0.14    1   0.0     4.76
       3    234.06     -1.00       52         100        0    6.9  -2.81   0.14    1   0.0     4.11
       3     -1.00    234.75       52         100        0    5.1  -2.39   0.15    1   0.0     4.11
       1    236.45     -1.00       49         100        0    6.8   2.70   0.15    1  17.2     4.40
       1     -1.00    237.03       49         100        0    8.3   2.52   0.03    1  17.2     4.40
       3    245.30     -1.00       58         100        0   14.0   0.15   0.10    1   0.0     4.76
       3     -1.00    245.64       58         100        0   14.1   0.26   0.04    1   0.0     4.76
       3    246.71     -1.00       59         100        0   14.5  -0.00   0.09    1   0.0     4.55
       3     -1.00    247.02       59         100        0   14.5   0.14   0.02    1   0.0     4.55
       2    281.30     -1.00       71         100        0    7.6  -2.83   0.10    1   0.0     4.11
       3    281.21     -1.00       70         100        0    9.3  -2.83   0.19    1   0.0     4.40
       3     -1.00    281.72       70         100        0    7.9  -2.83   0.12    1   0.0     4.40
       2     -1.00    281.91       71         100        0    6.1  -0.64   0.11    1   0.0     4.11
       3    329.80     -1.00       85         100        0   15.7   0.00   0.20    1   0.0     4.61
       3     -1.00    330.10       85         100        0   15.7   0.00   0.10    1   0.0     4.61
       3    438.97     -1.00      109         100        0   13.7   0.00   0.03    1   0.0     4.61
       3     -1.00    439.31      109         100        0   13.7   0.00   0.11    1   0.0     4.61
       3    477.16     -1.00      116         100        0    9.0  -2.69   0.04    1   0.0     4.11
       3     -1.00    477.63      116         100        0    8.8   0.91   0.03    1   0.0     4.11
       3    513.50     -1.00      123         100        0   13.7   0.00   0.10    1   0.0     4.61
       3     -1.00    513.84      123         100        0   13.7   0.00   0.04    1   0.0     4.61
       1    520.59     -1.00      110         100        0    6.4   2.38   0.01    1  75.4     4.61
       1     -1.00    521.24      110         100        0    7.9   2.20   0.04    1  75.4     4.61
       3    522.63     -1.00      127         100        0   15.9   0.00   0.17    1   0.0     4.40
       3     -1.00    522.91      127         100        0   15.9   0.00   0.11    1   0.0     4.40
       3    563.36     -1.00      133         100        0    9.2  -2.76   0.04    1   0.0     4.11
       3     -1.00    563.84      133         100        0    8.0  -0.57   0.04    1   0.0     4.11
       1    569.13     -1.00      136         100        0   13.5   0.00   0.07    1   0.0     4.55
       1     -1.00    569.47      136         100        0   13.5   0.00   0.07    1   0.0     4.55
       3    601.18     -1.00      141         100        0    9.4  -2.84   0.02    1   0.0     4.11
       3     -1.00    601.65      141         100        0    8.0  -2.84   0.05    1   0.0     4.11
       1    662.51     -1.00      153         100        0   14.6   0.41   0.09    1   0.0     4.76
       1     -1.00    662.83      153         100        0   14.6   0.16   0.03    1   0.0     4.76
       3    698.49     -1.00      161         100        0   15.7   0.00   0.11    1   0.0     4.11
       3     -1.00    698.76      161         100        0   15.7   0.00   0.16    1   0.0     4.11
       3    702.54     -1.00      163         100        0   13.9   0.00   0.06    1   0.0     4.55
       3     -1.00    702.87      163         100        0   13.9   0.00   0.07    1   0.0     4.55
       3    732.28     -1.00      168         100        0   14.1   0.00   0.12    1   0.0     4.40
       3     -1.00    732.59      168         100        0   14.1   0.00   0.19    1   0.0     4.40
       3    747.88     -1.00      172         100        0    9.3  -2.85   0.12    1   0.0     4.40
       3     -1.00    748.39      172         100        0    7.8  -2.85   0.19    1   0.0     4.40
       3    774.02     -1.00      182         100        0    9.3  -2.88   0.18    1   0.0     4.11
       3     -1.00    774.50      182         100        0    8.0  -2.88   0.10    1   0.0     4.11
       3    817.36     -1.00      194         100        0   15.4   0.00   0.04    1   0.0     4.40
       3     -1.00    817.64      194         100        0   15.4   0.00   0.04    1   0.0     4.40
       1    852.31     -1.00      202         100        0   14.2   0.00   0.09    1   0.0     4.11
       1     -1.00    852.60      202         100        0   14.2   0.00   0.20    1   0.0     4.11
       3    874.39     -1.00      208         100        0    9.6  -2.89   0.01    1   0.0     4.11
       3     -1.00    874.85      208         100        0    8.3  -2.89   0.05    1   0.0     4.11
       2    906.51     -1.00      216         100        0   13.9  -0.14   0.09    1   0.0     4.61
       2     -1.00    906.84      216         100        0   13.9  -0.14   0.04    1   0.0     4.61
       3    920.05     -1.00      222         100        0   13.9   0.00   0.15    1   0.0     4.11
       3     -1.00    920.34      222         100        0   13.9   0.00   0.14    1   0.0     4.11
       3    993.68     -1.00      239         100        0   13.5   0.00   0.12    1   0.0     4.40
       3     -1.00    994.01      239         100        0   13.5   0.00   0.01    1   0.0     4.40
       2   1007.54     -1.00      243         100        0   14.3  -0.10   0.06    1   0.0     4.61
       2     -1.00   1007.86      243         100        0   14.2  -0.10   0.06    1   0.0     4.61
       3   1046.68     -1.00      251         100        0    9.4  -2.81   0.12    1   0.0     4.61
       3     -1.00   1047.21      251         100        0    7.9  -2.81   0.01    1   0.0     4.61
       3   1050.53     -1.00      254         100        0    9.0  -2.02   0.07    1   0.0     4.76
       3     -1.00   1051.10      254         100        0    7.6  -2.66   0.10    1   0.0     4.76
       2   1106.87     -1.00      272         100        0    7.6  -2.90   0.13    1   0.0     4.11
       2     -1.00   1107.49      272         100        0    5.8  -2.90   0.09    1   0.0     4.11
       3   1117.60     -1.00      273         100        0    9.1  -2.77   0.00    1   0.0     4.76
       3     -1.00   1118.17      273         100        0    7.5  -2.77   0.17    1   0.0     4.76
       3   1139.72     -1.00      278         100        0    9.3  -2.79   0.08    1   0.0     4.40
       3     -1.00   1140.24      278         100        0    7.9  -2.79   0.04    1   0.0     4.40
       3   1141.80     -1.00      279         100        0    8.7  -2.05   0.20    1   0.0     4.55
       3     -1.00   1142.36      279         100        0    7.4  -2.45   0.16    1   0.0     4.55
       3   1150.07     -1.00      282         100        0    7.3  -2.95   0.13    1   0.0     4.11
       3     -1.00   1150.72      282         100        0    5.4  -2.95   0.12    1   0.0     4.11
       3   1183.38     -1.00      294         100        0   13.7   0.00   0.02    1   0.0     4.61
       3     -1.00   1183.72      294         100        0   13.7   0.00   0.12    1   0.0     4.61
       2   1192.65     -1.00      297         100        0   15.1   0.25   0.15    1   0.0     4.55
       2     -1.00   1192.95      297         100        0   15.2   0.25   0.15    1   0.0     4.55
       2   1291.70     -1.00      316         100        0    7.8  -2.97   0.10    1   0.0     4.55
       2     -1.00   1292.37      316         100        0    5.8  -2.97   0.17    1   0.0     4.55
       3   1295.08     -1.00      318         100        0    9.2  -2.82   0.12    1   0.0     4.55
       3     -1.00   1295.62      318         100        0    7.7  -2.82   0.02    1   0.0     4.55
       3   1311.62     -1.00      324         100        0    9.2  -2.80   0.18    1   0.0     4.40
       3     -1.00   1312.14      324         100        0    7.8  -2.80   0.14    1   0.0     4.40
       3   1383.74     -1.00      345         100        0    9.4  -2.99   0.06    1   0.0     4.76
       3     -1.00   1384.29      345         100        0    7.8  -2.99   0.09    1   0.0     4.76
       3   1396.90     -1.00      349         100        0    6.7  -2.81   0.10    1   0.0     4.55
       3     -1.00   1397.72      349         100        0    4.4  -2.81   0.12    1   0.0     4.55
       2   1434.58     -1.00      358         100        0   13.7   0.09   0.02    1   0.0     4.55
       2     -1.00   1434.91      358         100        0   13.7   0.09   0.11    1   0.0     4.55
       3   1453.33     -1.00      362         100        0   14.8   0.00   0.07    1   0.0     4.11
       3     -1.00   1453.61      362         100        0   14.8   0.00   0.01    1   0.0     4.11
       3   1455.12     -1.00      363         100        0   15.0   0.16   0.08    1   0.0     4.61
       3     -1.00   1455.42      363         100        0   15.1   0.16   0.02    1   0.0     4.61
       3   1456.38     -1.00      364         100        0   15.3   0.13   0.02    1   0.0     4.76
       3     -1.00   1456.70      364         100        0   15.3   0.13   0.10    1   0.0     4.76
       3   1459.60     -1.00      365         100        0   13.1  -0.15   0.20    1   0.0     4.61
       3     -1.00   1459.96      365         100        0   13.1  -0.15   0.16    1   0.0     4.61
       3   1461.16     -1.00      366         100        0   14.0  -0.10   0.04    1   0.0     4.61
       3     -1.00   1461.49      366         100        0   14.0  -0.11   0.09    1   0.0     4.61
       3   1483.91     -1.00      369         100        0    9.4  -2.96   0.09    1   0.0     4.55
       3     -1.00   1484.44      369         100        0    7.9  -2.96   0.04    1   0.0     4.55
       3   1521.34     -1.00      374         100        0    7.0  -2.77   0.06    1   0.0     4.55
       3     -1.00   1522.10      374         100        0    4.9  -2.77   0.10    1   0.0     4.55
       3   1561.68     -1.00      388         100        0   13.5   0.00   0.12    1   0.0     4.55
       3     -1.00   1562.02      388         100        0   13.5   0.00   0.02    1   0.0     4.55
       3   1579.31     -1.00      391         100        0    9.3  -2.86   0.09    1   0.0     4.61
       3     -1.00   1579.85      391         100        0    7.8  -2.86   0.05    1   0.0     4.61
       3   1596.68     -1.00      393         100        0    9.3  -2.84   0.12    1   0.0     4.40
       3     -1.00   1597.20      393         100        0    7.9  -2.84   0.20    1   0.0     4.40
       3   1598.57     -1.00      394         100        0    7.8  -1.50   0.03    1   0.0     4.55
       3     -1.00   1599.20      394         100        0    6.6  -2.07   0.20    1   0.0     4.55
       3   1636.94     -1.00      403         100        0   14.5   0.00   0.06    1   0.0     4.11
       3     -1.00   1637.22      403         100        0   14.5   0.00   0.02    1   0.0     4.11
       3   1645.69     -1.00      405         100        0   14.2   0.00   0.11    1   0.0     4.61
       3     -1.00   1646.01      405         100        0   14.2   0.00   0.01    1   0.0     4.61
       3   1683.32     -1.00      419         100        0    9.4  -2.88   0.08    1   0.0     4.40
       3     -1.00   1683.83      419         100        0    7.9  -2.88   0.03    1   0.0     4.40
       3   1687.45     -1.00      420         100        0    5.4  -1.24   0.15    1   0.0     4.76
       3     -1.00   1688.47      420         100        0    3.8  -1.83   0.07    1   0.0     4.76
       3   1695.04     -1.00      422         100        0    2.8  -2.87   0.16    1   0.0     4.55
       3     -1.00   1709.81      422         100        0    3.7   3.08   0.01    1   0.0     4.55
       3   1744.38     -1.00      435         100        0   15.0   0.00   0.02    1   0.0     4.55
       3     -1.00   1744.68      435         100        0   15.0   0.00   0.08    1   0.0     4.55
       3   1782.52     -1.00      443         100        0    9.2  -2.81   0.08    1   0.0     4.61
       3     -1.00   1783.07      443         100        0    7.7  -2.81   0.07    1   0.0     4.61
       1   1798.54     -1.00      442         100        0    6.4   2.44   0.06    1  18.8     4.11
       1     -1.00   1799.12      442         100        0    7.8   2.29   0.12    1  18.8     4.11
       3   1842.68     -1.00      453         100        0    9.4  -2.87   0.12    1   0.0     4.61
       3     -1.00   1843.22      453         100        0    7.9  -2.87   0.02    1   0.0     4.61
       3   1850.53     -1.00      454         100        0    9.2  -2.82   0.07    1   0.0     4.11
       3     -1.00   1851.01      454         100        0    7.9  -2.82   0.01    1   0.0     4.11
       3   1908.44     -1.00      474         100        0   15.6   0.00   0.16    1   0.0     4.61
       3     -1.00   1908.74      474         100        0   15.6   0.00   0.14    1   0.0     4.61
       3   1924.61     -1.00      476         100        0   16.1   0.00   0.19    1   0.0     4.61
       3     -1.00   1924.89      476         100        0   16.1   0.00   0.09    1   0.0     4.61
       3   1937.60     -1.00      478         100        0    9.4  -2.87   0.20    1   0.0     4.61
       3     -1.00   1938.13      478         100        0    7.9  -2.87   0.13    1   0.0     4.61
       1   1940.74     -1.00      457         100        0    5.8   2.04   0.06    1  88.2     4.40
       1     -1.00   1941.41      457         100        0    7.2   1.91   0.01    1  88.2     4.40
       3   1951.03     -1.00      483         100        0    9.2  -2.75   0.17    1   0.0     4.55
       3     -1.00   1951.56      483         100        0    8.1  -0.49   0.16    1   0.0     4.55
       3   1991.44     -1.00      494         100        0   14.9   0.00   0.16    1   0.0     4.40
       3     -1.00   1991.73      494         100        0   14.9   0.00   0.13    1   0.0     4.40
       2   2015.20     -1.00      500         100        0   13.9  -0.09   0.20    1   0.0     4.61
       2     -1.00   2015.53      500         100        0   13.9  -0.09   0.13    1   0.0     4.61
       3   2020.32     -1.00      502         100        0   15.6   0.00   0.08    1   0.0     4.76
       3     -1.00   2020.62      502         100        0   15.6   0.00   0.02    1   0.0     4.76
       3   2050.14     -1.00      511         100        0    9.3  -2.80   0.06    1   0.0     4.40
       3     -1.00   2050.66      511         100        0    7.8  -2.80   0.06    1   0.0     4.40
       3   2061.15     -1.00      514         100        0    9.6  -3.02   0.05    1   0.0     4.76
       3     -1.00   2061.69      514         100        0    8.0  -3.02   0.09    1   0.0     4.76
       3   2062.69     -1.00      515         100        0    7.3  -4.62   0.11    1   0.0     4.61
       3     -1.00   2063.52      515         100        0    4.0  -3.27   0.12    1   0.0     4.61
       3   2066.75     -1.00      517         100        0    1.9  -1.21   0.05    1   0.0     4.11
       3     -1.00   2077.52      517         100        0    2.8   2.75   0.12    1   0.0     4.11
       3   2079.44     -1.00      519         100        0    4.1   2.06   0.16    1   6.6     4.55
       3     -1.00   2080.35      519         100        0    5.9   1.90   0.15    1   6.6     4.55
       1   2082.46     -1.00      497         100        0    6.8   2.65   0.14    1  79.8     4.11
       1     -1.00   2083.00      497         100        0    8.2   2.47   0.00    1  79.8     4.11
       1   2084.42     -1.00      507         100        0    8.2   2.16   0.18    1  49.4     4.11
       1     -1.00   2084.89      507         100        0    9.2   2.09   0.09    1  49.4     4.11
       3   2084.96     -1.00      525         100        0   13.0  -0.09   0.04    1   0.0     4.11
       3     -1.00   2085.28      525         100        0   13.0  -0.08   0.08    1   0.0     4.11
       1   2086.37     -1.00      518         100        0    8.8   1.76   0.03    1  19.0     4.55
       1     -1.00   2086.86      518         100        0    9.6   1.69   0.06    1  19.0     4.55
       3   2088.68     -1.00      527         100        0   13.9  -0.68   0.12    1   0.0     4.11
       3     -1.00   2088.98      527         100        0   13.8  -0.43   0.18    1   0.0     4.11
       3   2105.22     -1.00      532         100        0   15.9   0.00   0.18    1   0.0     4.61
       3     -1.00   2105.51      532         100        0   15.9   0.00   0.11    1   0.0     4.61
       3   2113.65     -1.00      536         100        0   14.0   0.00   0.15    1   0.0     4.11
       3     -1.00   2113.94      536         100        0   14.0   0.00   0.14    1   0.0     4.11
       1   2224.57     -1.00      550         100        0    6.6   2.47   0.03    1  55.2     4.55
       1     -1.00   2225.19      550         100        0    8.0   2.32   0.19    1  55.2     4.55
       1   2253.15     -1.00      574         100        0   14.6   0.00   0.05    1   0.0     4.76
       1     -1.00   2253.47      574         100        0   14.6   0.00   0.07    1   0.0     4.76
       3   2256.86     -1.00      571         100        0    9.2  -2.78   0.14    1   0.0     4.11
       3     -1.00   2257.34      571         100        0    7.8  -2.78   0.14    1   0.0     4.11
       3   2282.67     -1.00      581         100        0   14.0   0.00   0.13    1   0.0     4.76
       3     -1.00   2283.01      581         100        0   14.0   0.00   0.01    1   0.0     4.76
       3   2291.98     -1.00      582         100        0   14.9   0.00   0.02    1   0.0     4.40
       3     -1.00   2292.28      582         100        0   14.9   0.00   0.08    1   0.0     4.40
       3   2299.19     -1.00      584         100        0   15.3   0.00   0.01    1   0.0     4.55
       3     -1.00   2299.49      584         100        0   15.3   0.00   0.09    1   0.0     4.55
       3   2354.47     -1.00      599         100        0   14.7   0.00   0.13    1   0.0     4.76
       3     -1.00   2354.79      599         100        0   14.7   0.00   0.19    1   0.0     4.76
       3   2383.39     -1.00      605         100        0   13.8   0.00   0.01    1   0.0     4.55
       3     -1.00   2383.72      605         100        0   13.8   0.00   0.12    1   0.0     4.55
       3   2415.65     -1.00      614         100        0    9.2  -2.69   0.15    1   0.0     4.61
       3     -1.00   2416.17      614         100        0    8.8   0.72   0.17    1   0.0     4.61
       3   2469.16     -1.00      632         100        0   15.3   0.00   0.04    1   0.0     4.40
       3     -1.00   2469.45      632         100        0   15.3   0.00   0.05    1   0.0     4.40
       3   2477.55     -1.00      635         100        0   16.0   0.00   0.05    1   0.0     4.76
       3     -1.00   2477.84      635         100        0   16.0   0.00   0.04    1   0.0     4.76
       3   2508.26     -1.00      639         100        0    9.2  -2.77   0.14    1   0.0     4.55
       3     -1.00   2508.80      639         100        0    7.8  -2.77   0.20    1   0.0     4.55
       3   2526.14     -1.00      644         100        0    9.3  -2.82   0.06    1   0.0     4.11
       3     -1.00   2526.61      644         100        0    8.0  -2.82   0.01    1   0.0     4.11
       3   2528.55     -1.00      645         100        0    6.3  -3.17   0.05    1   0.0     4.55
       3     -1.00   2529.51      645         100        0    3.3  -2.62   0.11    1   0.0     4.55
       1   2533.36     -1.00      650         100        0   14.6   0.00   0.04    1   0.0     4.55
       1     -1.00   2533.67      650         100        0   14.6   0.00   0.07    1   0.0     4.55
       3   2539.91     -1.00      652         100        0   10.2  -0.01   0.09    1   0.0     4.40
       3     -1.00   2540.34      652         100        0   10.3  -0.17   0.14    1   0.0     4.40
       3   2549.96     -1.00      655         100        0   13.8  -0.28   0.04    1   0.0     4.61
       3     -1.00   2550.29      655         100        0   13.8  -0.21   0.09    1   0.0     4.61
       2   2568.37     -1.00      663         100        0   15.5   0.24   0.03    1   0.0     4.11
       2     -1.00   2568.63      663         100        0   15.6   0.24   0.03    1   0.0     4.11
       3   2596.90     -1.00      668         100        0    9.4  -2.80   0.10    1   0.0     4.11
       3     -1.00   2597.37      668         100        0    8.0  -2.80   0.17    1   0.0     4.11
       3   2603.36     -1.00      671         100        0    9.6  -2.98   0.04    1   0.0     4.11
       3     -1.00   2603.82      671         100        0    8.2  -2.98   0.02    1   0.0     4.11
       3   2624.31     -1.00      674         100        0    7.4  -2.92   0.09    1   0.0     4.61
       3     -1.00   2625.03      674         100        0    5.3  -2.92   0.03    1   0.0     4.61
       3   2631.34     -1.00      676         100        0    9.7   2.89   0.06    1   0.0     4.40
       3     -1.00   2631.77      676         100        0   10.4   1.04   0.17    1   0.0     4.40
       3   2642.24     -1.00      683         100        0   14.5   0.00   0.16    1   0.0     4.76
       3     -1.00   2642.57      683         100        0   14.5   0.00   0.17    1   0.0     4.76
       3   2643.54     -1.00      685         100        0   14.9  -0.03   0.06    1   0.0     4.76
       3     -1.00   2643.86      685         100        0   14.9  -0.02   0.06    1   0.0     4.76
       3   2654.63     -1.00      688         100        0   13.8   0.05   0.17    1   0.0     4.11
       3     -1.00   2654.93      688         100        0   13.8   0.04   0.13    1   0.0     4.11
       3   2663.37     -1.00      691         100        0   11.1   1.92   0.03    1   0.0     4.76
       3     -1.00   2663.78      691         100        0   11.8   1.86   0.18    1   0.0     4.76
       3   2680.46     -1.00      695         100        0    9.2  -2.72   0.14    1   0.0     4.11
       3     -1.00   2680.94      695         100        0    8.2  -0.55   0.14    1   0.0     4.11
       3   2714.36     -1.00      703         100        0    9.3  -2.84   0.04    1   0.0     4.40
       3     -1.00   2714.87      703         100        0    7.9  -2.84   0.07    1   0.0     4.40
       2   2747.53     -1.00      715         100        0   14.9   0.23   0.07    1   0.0     4.40
       2     -1.00   2747.82      715         100        0   15.0   0.23   0.02    1   0.0     4.40
       3   2748.54     -1.00      717         100        0   15.4   0.00   0.06    1   0.0     4.61
       3     -1.00   2748.84      717         100        0   15.4   0.00   0.04    1   0.0     4.61
       3   2769.45     -1.00      718         100        0    9.5  -2.98   0.15    1   0.0     4.55
       3     -1.00   2769.97      718         100        0    8.0  -2.98   0.17    1   0.0     4.55
       3   2774.22     -1.00      720         200        0    4.4  -0.97   0.18    1   0.0    10.21
       1   2792.46     -1.00      710         100        0    6.7   2.63   0.14    1  58.8     4.11
       1     -1.00   2793.01      710         100        0    8.1   2.46   0.01    1  58.8     4.11
       1   2794.51     -1.00      714         100        0    9.0   2.56   0.09    1  49.6     4.76
       1     -1.00   2795.01      714         100        0   10.2   2.43   0.01    1  49.6     4.76
       3     -1.00   2812.48      720         200        0    2.5   2.42   0.08    1   0.0    10.21
       3   2814.48     -1.00      723         100        0    4.1   2.42   0.12    1  24.4     4.76
       3     -1.00   2815.40      723         100        0    6.2   2.20   0.20    1  24.4     4.76
       3   2816.62     -1.00      725         100        0    7.6   2.69   0.18    1  15.8     4.11
       3     -1.00   2817.12      725         100        0    8.8   1.58   0.12    1  15.8     4.11
       3   2895.69     -1.00      745         100        0    9.0  -2.72   0.11    1   0.0     4.11
       3     -1.00   2896.18      745         100        0    7.6  -2.72   0.18    1   0.0     4.11
       2   2904.92     -1.00      749         100        0   15.9  -0.15   0.08    1   0.0     4.11
       2     -1.00   2905.18      749         100        0   15.8  -0.25   0.18    1   0.0     4.11
       3   2910.83     -1.00      750         100        0   14.7  -0.26   0.17    1   0.0     4.11
       3     -1.00   2911.11      750         100        0   14.6  -0.20   0.11    1   0.0     4.11
       1   2934.39     -1.00      752         100        0    7.0   3.09   0.01    1  16.8     4.61
       1     -1.00   2934.98      752         100        0    8.8   2.99   0.18    1  16.8     4.61
       3   2948.05     -1.00      757         100        0    9.4  -2.95   0.15    1   0.0     4.40
       3     -1.00   2948.56      757         100        0    7.9  -2.95   0.16    1   0.0     4.40
       3   2954.90     -1.00      758         100        0    7.0  -2.88   0.10    1   0.0     4.61
       3     -1.00   2955.68      758         100        0    4.8  -2.88   0.08    1   0.0     4.61
       3   2958.26     -1.00      759         100        0    1.5  -1.07   0.14    1   0.2     4.11
       3     -1.00   2997.68      759         100        0    3.0   2.46   0.08    1   0.2     4.11
       3   3012.24     -1.00      775         100        0   15.1   0.00   0.16    1   0.0     4.61
       3     -1.00   3012.55      775         100        0   15.1   0.00   0.15    1   0.0     4.61
       3   3021.63     -1.00      780         100        0   15.0   0.00   0.17    1   0.0     4.11
       3     -1.00   3021.90      780         100        0   15.0   0.00   0.10    1   0.0     4.11
       3   3044.97     -1.00      787         100        0    9.1  -2.72   0.03    1   0.0     4.11
       3     -1.00   3045.45      787         100        0    8.5   0.96   0.05    1   0.0     4.11
       3   3104.00     -1.00      797         100        0   13.3   0.00   0.20    1   0.0     4.61
       3     -1.00   3104.35      797         100        0   13.3   0.00   0.15    1   0.0     4.61
       3   3110.26     -1.00      799         100        0   14.2   0.00   0.14    1   0.0     4.55
       3     -1.00   3110.58      799         100        0   14.2   0.00   0.18    1   0.0     4.55
       3   3151.13     -1.00      809         100        0    9.2  -2.81   0.07    1   0.0     4.11
       3     -1.00   3151.61      809         100        0    7.9  -2.81   0.01    1   0.0     4.11
       3   3204.75     -1.00      825         100        0   15.2   0.00   0.05    1   0.0     4.76
       3     -1.00   3205.06      825         100        0   15.2   0.00   0.06    1   0.0     4.76
       3   3212.57     -1.00      829         100        0   15.8   0.00   0.03    1   0.0     4.55
       3     -1.00   3212.86      829         100        0   15.8   0.00   0.06    1   0.0     4.55
       2   3216.93     -1.00      832         100        0   14.1   0.28   0.07    1   0.0     4.55
       2     -1.00   3217.25      832         100        0   14.2   0.28   0.05    1   0.0     4.55
       1   3218.65     -1.00      808         100        0    6.6   2.37   0.15    1  85.0     4.76
       1     -1.00   3219.30      808         100        0    8.1   2.23   0.10    1  85.0     4.76
       1   3240.78     -1.00      841         100        0   14.6   0.00   0.02    1   0.0     4.11
       3   3240.79     -1.00      838         100        0    9.3  -2.92   0.01    1   0.0     4.76
       1     -1.00   3241.06      841         100        0   14.6   0.00   0.06    1   0.0     4.11
       3     -1.00   3241.35      838         100        0    7.7  -2.92   0.15    1   0.0     4.76
       3   3243.97     -1.00      840         100        0    5.2  -2.29   0.03    1   0.0     4.61
       3     -1.00   3245.05      840         100        0    3.5  -1.44   0.05    1   0.0     4.61
       3   3315.26     -1.00      861         100        0    9.3  -2.88   0.14    1   0.0     4.55
       3     -1.00   3315.80      861         100        0    7.7  -2.88   0.20    1   0.0     4.55
       3   3355.20     -1.00      875         100        0    6.8  -2.91   0.00    1   0.0     4.61
       3     -1.00   3356.01      875         100        0    4.4  -2.91   0.01    1   0.0     4.61
       2   3357.91     -1.00      876         100        0    7.6  -2.85   0.09    1   0.0     4.55
       2     -1.00   3358.59      876         100        0    5.6  -2.85   0.19    1   0.0     4.55
       1   3360.47     -1.00      859         100        0    6.8   2.68   0.13    1  45.8     4.11
       1     -1.00   3361.01      859         100        0    8.3   2.50   0.01    1  45.8     4.11
       3   3374.66     -1.00      879         100        0    9.9  -0.39   0.14    1   0.0     4.40
       3     -1.00   3375.11      879         100        0    9.7  -0.59   0.11    1   0.0     4.40
       3   3382.12     -1.00      882         100        0   14.1   0.12   0.08    1   0.0     4.11
       3     -1.00   3382.42      882         100        0   14.1   0.12   0.02    1   0.0     4.11
       3   3383.44     -1.00      883         200        0   14.3   0.12   0.16    1   0.0    10.21
       3     -1.00   3384.15      883         200        0   14.3  -0.32   0.15    1   0.0    10.21
       3   3401.47     -1.00      891         100        0   14.1   0.00   0.13    1   0.0     4.11
       3     -1.00   3401.76      891         100        0   14.1   0.00   0.16    1   0.0     4.11
       3   3402.85     -1.00      892         100        0   14.1   0.00   0.15    1   0.0     4.55
       3     -1.00   3403.17      892         100        0   14.1   0.00   0.17    1   0.0     4.55
       3   3466.94     -1.00      910         100        0   15.7   0.00   0.06    1   0.0     4.76
       3     -1.00   3467.24      910         100        0   15.7   0.00   0.04    1   0.0     4.76
       1   3502.52     -1.00      903         100        0    6.9   2.62   0.08    1  58.8     4.55
       1     -1.00   3503.12      903         100        0    8.4   2.45   0.12    1  58.8     4.55
       3   3540.98     -1.00      925         100        0    9.5  -2.93   0.02    1   0.0     4.55
       3     -1.00   3541.50      925         100        0    8.0  -2.93   0.10    1   0.0     4.55
       3   3591.84     -1.00      930         100        0    9.5  -2.87   0.16    1   0.0     4.61
       3     -1.00   3592.37      930         100        0    8.0  -2.87   0.17    1   0.0     4.61
       2   3599.56     -1.00      935         100        0    7.6  -2.91   0.04    1   0.0     4.55
